[ 3.675,-2.366, 1.699]
[ 0.131, 0.074,-0.28 , 0.948]
[ 3.678,-2.36 , 1.704]
[ 0.126, 0.074,-0.262, 0.954]
[ 3.678,-2.353, 1.71 ]
[ 0.121, 0.074,-0.244, 0.959]
[ 3.681,-2.346, 1.715]
[ 0.116, 0.076,-0.236, 0.962]
[ 3.681,-2.338, 1.721]
[ 0.11 , 0.077,-0.233, 0.963]
[ 3.698,-2.323, 1.727]
[ 0.104, 0.076,-0.237, 0.963]
[ 3.675,-2.308, 1.741]
[ 0.099, 0.07 ,-0.224, 0.967]
[ 3.672,-2.276, 1.755]
[ 0.092, 0.062,-0.209, 0.972]
[ 3.659,-2.231, 1.773]
[ 0.084, 0.057,-0.187, 0.977]
[ 3.648,-2.168, 1.793]
[ 0.074, 0.059,-0.158, 0.983]
[ 3.642,-2.08 , 1.81 ]
[ 0.055, 0.065,-0.112, 0.99 ]
[ 3.637,-1.959, 1.82 ]
[ 0.02 , 0.074,-0.061, 0.995]
[ 3.612,-1.811, 1.82 ]
[-0.038, 0.081,-0.013, 0.996]
[ 3.581,-1.641, 1.803]
[-0.124, 0.081, 0.013, 0.989]
[ 3.524,-1.465, 1.75 ]
[-0.227, 0.068, 0.022, 0.971]
[ 3.464,-1.313, 1.666]
[-0.334, 0.055, 0.045, 0.94 ]
[ 3.41 ,-1.204, 1.563]
[-0.43 , 0.037, 0.05 , 0.901]
[ 3.37 ,-1.138, 1.463]
[-0.509, 0.009, 0.03 , 0.86 ]
[ 3.343,-1.105, 1.389]
[-0.555, 0.001, 0.032, 0.831]
[ 3.33 ,-1.095, 1.351]
[-0.565, 0.004, 0.038, 0.824]
[ 3.327,-1.096, 1.344]
[-0.552, 0.01 , 0.042, 0.833]
[ 3.248,-0.995, 1.295]
[-0.518, 0.035, 0.038, 0.854]
[ 3.337,-1.1  , 1.365]
[-0.529, 0.02 , 0.056, 0.846]
[ 3.34 ,-1.1  , 1.378]
[-0.525,-0.001, 0.041, 0.85 ]
[ 3.34 ,-1.099, 1.39 ]
[-0.52 ,-0.022, 0.035, 0.853]
[ 3.334,-1.097, 1.401]
[-0.517,-0.053, 0.024, 0.854]
[ 3.322,-1.097, 1.412]
[-0.51 ,-0.092, 0.016, 0.855]
[ 3.303,-1.1  , 1.421]
[-0.502,-0.135, 0.013, 0.854]
[ 3.28 ,-1.106, 1.426]
[-0.492,-0.179, 0.008, 0.852]
[ 3.255,-1.116, 1.429]
[-0.482,-0.213, 0.018, 0.85 ]
[ 3.23 ,-1.128, 1.431]
[-0.471,-0.244, 0.026, 0.847]
[ 3.204,-1.144, 1.431]
[-0.459,-0.275, 0.043, 0.844]
[ 3.174,-1.164, 1.429]
[-0.44 ,-0.318, 0.052, 0.838]
[ 3.139,-1.19 , 1.422]
[-0.42 ,-0.366, 0.072, 0.827]
[ 3.1  ,-1.223, 1.408]
[-0.399,-0.423, 0.097, 0.808]
[ 3.06 ,-1.261, 1.389]
[-0.362,-0.498, 0.106, 0.781]
[ 3.024,-1.303, 1.361]
[-0.323,-0.582, 0.1  , 0.74 ]
[ 2.999,-1.344, 1.334]
[-0.271,-0.642, 0.11 , 0.709]
[ 2.986,-1.368, 1.321]
[-0.245,-0.677, 0.114, 0.684]
[ 2.964,-1.422, 1.296]
[-0.143,-0.753, 0.099, 0.635]
[ 2.958,-1.456, 1.284]
[-0.063,-0.791, 0.086, 0.603]
[ 2.952,-1.487, 1.285]
[ 0.007,-0.812, 0.081, 0.577]
[ 2.95 ,-1.51 , 1.283]
[ 0.05 ,-0.822, 0.085, 0.561]
[ 2.945,-1.523, 1.286]
[ 0.068,-0.822, 0.092, 0.557]
[ 2.936,-1.524, 1.294]
[ 0.067,-0.816, 0.096, 0.566]
[ 2.926,-1.516, 1.306]
[ 0.058,-0.805, 0.091, 0.583]
[ 2.917,-1.503, 1.321]
[ 0.049,-0.792, 0.083, 0.602]
[ 2.913,-1.493, 1.335]
[ 0.04 ,-0.781, 0.078, 0.619]
[ 2.913,-1.488, 1.347]
[ 0.036,-0.771, 0.077, 0.631]
[ 2.914,-1.488, 1.354]
[ 0.033,-0.766, 0.08 , 0.637]
[ 2.917,-1.49 , 1.356]
[ 0.037,-0.765, 0.08 , 0.638]
[ 2.92 ,-1.494, 1.355]
[ 0.044,-0.766, 0.078, 0.636]
[ 2.923,-1.497, 1.35 ]
[ 0.046,-0.77 , 0.079, 0.632]
[ 2.925,-1.498, 1.344]
[ 0.047,-0.774, 0.079, 0.627]
[ 2.928,-1.497, 1.338]
[ 0.044,-0.779, 0.077, 0.621]
[ 2.93 ,-1.494, 1.333]
[ 0.039,-0.781, 0.076, 0.618]
[ 2.932,-1.491, 1.33 ]
[ 0.036,-0.783, 0.072, 0.616]
[ 2.934,-1.489, 1.328]
[ 0.034,-0.784, 0.069, 0.615]
[ 2.935,-1.488, 1.326]
[ 0.035,-0.785, 0.066, 0.615]
[ 2.937,-1.49 , 1.324]
[ 0.035,-0.786, 0.066, 0.614]
[ 2.938,-1.493, 1.323]
[ 0.038,-0.786, 0.066, 0.614]
[ 2.938,-1.496, 1.322]
[ 0.037,-0.785, 0.071, 0.614]
[ 2.938,-1.499, 1.322]
[ 0.039,-0.785, 0.072, 0.614]
[ 2.938,-1.5  , 1.321]
[ 0.039,-0.785, 0.072, 0.614]
[ 2.938,-1.5  , 1.322]
[ 0.039,-0.784, 0.071, 0.615]
[ 2.937,-1.498, 1.322]
[ 0.038,-0.784, 0.07 , 0.616]
[ 2.938,-1.497, 1.323]
[ 0.038,-0.783, 0.068, 0.617]
[ 2.938,-1.495, 1.325]
[ 0.041,-0.782, 0.063, 0.619]
[ 2.937,-1.493, 1.326]
[ 0.037,-0.781, 0.064, 0.62 ]
[ 2.937,-1.493, 1.327]
[ 0.039,-0.781, 0.062, 0.621]
[ 2.936,-1.492, 1.329]
[ 0.044,-0.78 , 0.058, 0.621]
[ 2.935,-1.493, 1.331]
[ 0.041,-0.779, 0.06 , 0.623]
[ 2.934,-1.494, 1.333]
[ 0.043,-0.777, 0.058, 0.625]
[ 2.933,-1.495, 1.335]
[ 0.042,-0.775, 0.059, 0.628]
[ 2.932,-1.496, 1.338]
[ 0.039,-0.772, 0.059, 0.631]
[ 2.931,-1.497, 1.341]
[ 0.036,-0.77 , 0.059, 0.634]
[ 2.932,-1.498, 1.342]
[ 0.035,-0.768, 0.058, 0.636]
[ 2.932,-1.5  , 1.342]
[ 0.034,-0.769, 0.058, 0.636]
[ 2.934,-1.502, 1.341]
[ 0.037,-0.77 , 0.055, 0.634]
[ 2.935,-1.504, 1.339]
[ 0.038,-0.772, 0.055, 0.632]
[ 2.935,-1.504, 1.337]
[ 0.036,-0.774, 0.054, 0.63 ]
[ 2.936,-1.503, 1.335]
[ 0.034,-0.775, 0.053, 0.628]
[ 2.936,-1.502, 1.334]
[ 0.031,-0.777, 0.052, 0.627]
[ 2.936,-1.5  , 1.333]
[ 0.028,-0.776, 0.051, 0.627]
[ 2.937,-1.498, 1.332]
[ 0.027,-0.776, 0.049, 0.628]
[ 2.937,-1.496, 1.332]
[ 0.025,-0.776, 0.047, 0.629]
