[ 3.548,-2.455, 1.831]
[ 0.147, 0.009,-0.249, 0.957]
[ 3.526,-2.463, 1.835]
[ 0.149, 0.01 ,-0.249, 0.957]
[ 3.528,-2.466, 1.834]
[ 0.151, 0.011,-0.253, 0.956]
[ 3.528,-2.469, 1.834]
[ 0.153, 0.012,-0.255, 0.955]
[ 3.522,-2.474, 1.835]
[ 0.155, 0.014,-0.256, 0.954]
[ 3.528,-2.476, 1.833]
[ 0.158, 0.016,-0.258, 0.953]
[ 3.526,-2.478, 1.833]
[ 0.16 , 0.017,-0.259, 0.953]
[ 3.55 ,-2.476, 1.829]
[ 0.162, 0.018,-0.262, 0.951]
[ 3.55 ,-2.476, 1.828]
[ 0.165, 0.018,-0.263, 0.95 ]
[ 3.547,-2.476, 1.829]
[ 0.169, 0.019,-0.261, 0.95 ]
[ 3.525,-2.476, 1.833]
[ 0.175, 0.018,-0.256, 0.951]
[ 3.527,-2.468, 1.836]
[ 0.181, 0.02 ,-0.245, 0.952]
[ 3.718,-2.5  , 1.858]
[-0.561, 0.078,-0.149, 0.811]
[ 3.611,-2.492, 1.881]
[-0.555, 0.047,-0.113, 0.823]
[ 3.988,-2.358, 1.832]
[-0.547, 0.018,-0.087, 0.833]
[ 3.836,-2.271, 1.868]
[-0.546,-0.007,-0.053, 0.836]
[ 3.417,-2.19 , 1.946]
[-0.6  ,-0.024,-0.014, 0.799]
[ 3.522,-1.866, 1.846]
[-0.029, 0.049,-0.05 , 0.997]
[ 3.506,-1.632, 1.765]
[-0.2  , 0.059,-0.044, 0.977]
[ 3.478,-1.448, 1.626]
[-0.358, 0.037,-0.048, 0.932]
[ 3.449,-1.361, 1.501]
[-0.461, 0.017,-0.051, 0.886]
[ 3.41 ,-1.312, 1.357]
[-0.547,-0.035,-0.079, 0.832]
[ 3.39 ,-1.311, 1.301]
[-0.564,-0.029,-0.055, 0.824]
[ 3.385,-1.323, 1.29 ]
[-0.551, 0.004,-0.024, 0.834]
[ 3.393,-1.334, 1.303]
[-0.53 , 0.028,-0.018, 0.847]
[ 3.408,-1.342, 1.326]
[-0.514, 0.05 ,-0.017, 0.856]
[ 3.425,-1.348, 1.35 ]
[-0.498, 0.075,-0.008, 0.864]
[ 3.437,-1.354, 1.369]
[-0.489, 0.078,-0.017, 0.868]
[ 3.449,-1.36 , 1.387]
[-0.48 , 0.082,-0.023, 0.873]
[ 3.459,-1.366, 1.401]
[-0.473, 0.083,-0.025, 0.877]
[ 3.464,-1.369, 1.405]
[-0.472, 0.077,-0.033, 0.877]
[ 3.466,-1.371, 1.402]
[-0.475, 0.071,-0.038, 0.876]
[ 3.465,-1.371, 1.396]
[-0.481, 0.063,-0.042, 0.874]
[ 3.461,-1.37 , 1.387]
[-0.488, 0.054,-0.047, 0.87 ]
[ 3.457,-1.368, 1.378]
[-0.496, 0.047,-0.049, 0.866]
[ 3.452,-1.367, 1.371]
[-0.501, 0.041,-0.048, 0.863]
[ 3.447,-1.367, 1.366]
[-0.504, 0.033,-0.05 , 0.862]
[ 3.442,-1.367, 1.364]
[-0.505, 0.028,-0.051, 0.861]
[ 3.439,-1.367, 1.364]
[-0.504, 0.029,-0.047, 0.862]
[ 3.435,-1.367, 1.366]
[-0.504, 0.03 ,-0.044, 0.862]
[ 3.433,-1.367, 1.369]
[-0.502, 0.027,-0.046, 0.863]
[ 3.43 ,-1.368, 1.372]
[-0.5  , 0.025,-0.044, 0.864]
[ 3.427,-1.368, 1.373]
[-0.499, 0.02 ,-0.048, 0.865]
[ 3.425,-1.368, 1.371]
[-0.5  , 0.012,-0.054, 0.864]
[ 3.422,-1.367, 1.366]
[-0.504, 0.004,-0.058, 0.862]
[ 3.418,-1.366, 1.359]
[-0.509,-0.004,-0.062, 0.859]
[ 3.415,-1.365, 1.35 ]
[-0.514,-0.013,-0.066, 0.855]
[ 3.411,-1.364, 1.342]
[-0.519,-0.021,-0.07 , 0.852]
[ 3.409,-1.364, 1.337]
[-0.522,-0.027,-0.072, 0.849]
[ 3.408,-1.365, 1.335]
[-0.522,-0.029,-0.073, 0.85 ]
[ 3.407,-1.367, 1.336]
[-0.519,-0.028,-0.072, 0.851]
[ 3.408,-1.369, 1.34 ]
[-0.515,-0.028,-0.076, 0.853]
[ 3.41 ,-1.372, 1.345]
[-0.512,-0.026,-0.077, 0.855]
[ 3.413,-1.374, 1.348]
[-0.509,-0.021,-0.076, 0.857]
[ 3.415,-1.376, 1.35 ]
[-0.508,-0.022,-0.081, 0.857]
[ 3.417,-1.378, 1.35 ]
[-0.508,-0.024,-0.084, 0.857]
[ 3.418,-1.38 , 1.35 ]
[-0.509,-0.025,-0.085, 0.856]
[ 3.419,-1.381, 1.348]
[-0.51 ,-0.026,-0.087, 0.855]
[ 3.418,-1.384, 1.346]
[-0.51 ,-0.031,-0.09 , 0.855]
[ 3.417,-1.386, 1.345]
[-0.51 ,-0.035,-0.092, 0.855]
[ 3.415,-1.391, 1.344]
[-0.508,-0.041,-0.093, 0.856]
[ 3.412,-1.397, 1.345]
[-0.502,-0.048,-0.098, 0.858]
[ 3.409,-1.404, 1.349]
[-0.495,-0.049,-0.095, 0.863]
[ 3.406,-1.41 , 1.354]
[-0.487,-0.047,-0.089, 0.868]
[ 3.402,-1.417, 1.36 ]
[-0.479,-0.049,-0.091, 0.872]
[ 3.398,-1.422, 1.366]
[-0.471,-0.05 ,-0.092, 0.876]
[ 3.395,-1.426, 1.371]
[-0.466,-0.048,-0.087, 0.879]
[ 3.392,-1.428, 1.376]
[-0.464,-0.047,-0.085, 0.881]
[ 3.391,-1.428, 1.379]
[-0.462,-0.047,-0.085, 0.881]
[ 3.39 ,-1.429, 1.381]
[-0.461,-0.047,-0.086, 0.882]
[ 3.39 ,-1.429, 1.382]
[-0.46 ,-0.049,-0.088, 0.882]
[ 3.391,-1.429, 1.381]
[-0.46 ,-0.05 ,-0.091, 0.882]
[ 3.393,-1.43 , 1.38 ]
[-0.461,-0.05 ,-0.094, 0.881]
[ 3.396,-1.43 , 1.379]
[-0.461,-0.048,-0.096, 0.881]
[ 3.398,-1.431, 1.377]
[-0.462,-0.046,-0.096, 0.881]
