[ 3.302,-1.564, 1.738]
[-0.168,-0.027,-0.018, 0.985]
[ 3.256,-1.459, 1.674]
[-0.257,-0.046,-0.011, 0.965]
[ 3.216,-1.37 , 1.591]
[-0.339,-0.072,-0.016, 0.938]
[ 3.19 ,-1.303, 1.503]
[-0.407,-0.085,-0.015, 0.909]
[ 3.17 ,-1.257, 1.42 ]
[-0.465,-0.099,-0.011, 0.88 ]
[ 3.155,-1.231, 1.351]
[-0.507,-0.114,-0.015, 0.854]
[ 3.144,-1.217, 1.299]
[-0.536,-0.124,-0.015, 0.835]
[ 3.134,-1.212, 1.264]
[-0.552,-0.127,-0.007, 0.824]
[ 3.13 ,-1.211, 1.243]
[-0.559,-0.131,-0.012, 0.819]
[ 3.129,-1.213, 1.234]
[-0.561,-0.123,-0.005, 0.818]
[ 3.134,-1.217, 1.236]
[-0.56 ,-0.114,-0.002, 0.821]
[ 3.14 ,-1.224, 1.247]
[-0.55 ,-0.103,-0.002, 0.829]
[ 3.153,-1.253, 1.288]
[-0.514,-0.082, 0.005, 0.854]
[ 3.179,-1.329, 1.362]
[-0.44 ,-0.035, 0.047, 0.896]
[ 3.222,-1.456, 1.443]
[-0.34 , 0.   , 0.08 , 0.937]
[ 3.287,-1.607, 1.508]
[-0.241, 0.033, 0.086, 0.966]
[ 3.363,-1.759, 1.558]
[-0.162, 0.073, 0.077, 0.981]
[ 3.436,-1.901, 1.595]
[-0.087, 0.108, 0.04 , 0.99 ]
[ 3.487,-2.024, 1.619]
[-0.01 , 0.135,-0.019, 0.991]
[ 3.544,-2.119, 1.64 ]
[ 0.049, 0.142,-0.082, 0.985]
[ 3.544,-2.119, 1.64 ]
[ 0.049, 0.142,-0.082, 0.985]
[ 3.544,-2.119, 1.64 ]
[ 0.049, 0.142,-0.082, 0.985]
[ 3.544,-2.119, 1.64 ]
[ 0.049, 0.142,-0.082, 0.985]
[ 3.544,-2.119, 1.64 ]
[ 0.049, 0.142,-0.082, 0.985]
[ 3.544,-2.119, 1.64 ]
[ 0.049, 0.142,-0.082, 0.985]
[ 3.544,-2.119, 1.64 ]
[ 0.049, 0.142,-0.082, 0.985]
[ 3.496,-1.976, 1.791]
[ 0.108, 0.066,-0.071, 0.989]
[ 3.466,-1.84 , 1.81 ]
[ 0.036, 0.056,-0.056, 0.996]
[ 3.435,-1.687, 1.806]
[-0.061, 0.055,-0.04 , 0.996]
[ 3.396,-1.54 , 1.776]
[-0.157, 0.031,-0.029, 0.987]
[ 3.352,-1.414, 1.716]
[-0.244, 0.013,-0.024, 0.969]
[ 3.306,-1.317, 1.638]
[-0.323,-0.015,-0.028, 0.946]
[ 3.262,-1.248, 1.55 ]
[-0.391,-0.053,-0.042, 0.918]
[ 3.222,-1.205, 1.463]
[-0.448,-0.091,-0.049, 0.888]
[ 3.189,-1.181, 1.388]
[-0.49 ,-0.119,-0.044, 0.862]
[ 3.164,-1.172, 1.335]
[-0.516,-0.129,-0.03 , 0.846]
[ 3.146,-1.17 , 1.306]
[-0.526,-0.133,-0.022, 0.84 ]
[ 3.129,-1.169, 1.294]
[-0.532,-0.128,-0.014, 0.837]
[ 3.103,-1.167, 1.291]
[-0.54 ,-0.113, 0.002, 0.834]
[ 3.058,-1.167, 1.29 ]
[-0.554,-0.09 , 0.03 , 0.827]
[ 2.988,-1.179, 1.293]
[-0.568,-0.062, 0.083, 0.817]
[ 2.894,-1.204, 1.302]
[-0.575,-0.058, 0.142, 0.803]
[ 2.785,-1.244, 1.313]
[-0.572,-0.094, 0.193, 0.792]
[ 2.673,-1.304, 1.326]
[-0.553,-0.162, 0.233, 0.784]
[ 2.572,-1.374, 1.335]
[-0.525,-0.233, 0.272, 0.772]
[ 2.493,-1.445, 1.339]
[-0.492,-0.3  , 0.297, 0.762]
[ 2.433,-1.511, 1.342]
[-0.465,-0.346, 0.32 , 0.75 ]
[ 2.391,-1.563, 1.343]
[-0.451,-0.368, 0.345, 0.736]
[ 2.363,-1.601, 1.342]
[-0.442,-0.384, 0.357, 0.728]
[ 2.343,-1.627, 1.343]
[-0.447,-0.378, 0.376, 0.718]
[ 2.326,-1.643, 1.336]
[-0.453,-0.375, 0.388, 0.71 ]
[ 2.325,-1.65 , 1.334]
[-0.452,-0.379, 0.385, 0.71 ]
[ 2.32 ,-1.652, 1.332]
[-0.492,-0.403, 0.369, 0.678]
[ 2.324,-1.645, 1.319]
[-0.462,-0.378, 0.381, 0.706]
[ 2.336,-1.633, 1.318]
[-0.464,-0.378, 0.373, 0.708]
[ 2.346,-1.621, 1.318]
[-0.462,-0.371, 0.365, 0.718]
[ 2.368,-1.598, 1.321]
[-0.462,-0.357, 0.364, 0.725]
[ 2.398,-1.57 , 1.33 ]
[-0.478,-0.346, 0.354, 0.726]
[ 2.445,-1.531, 1.339]
[-0.491,-0.342, 0.327, 0.732]
[ 2.513,-1.474, 1.346]
[-0.496,-0.324, 0.298, 0.748]
[ 2.609,-1.404, 1.351]
[-0.51 ,-0.306, 0.247, 0.765]
[ 2.707,-1.344, 1.351]
[-0.522,-0.287, 0.194, 0.78 ]
[ 2.89 ,-1.254, 1.345]
[-0.563,-0.232, 0.125, 0.783]
[ 3.076,-1.199, 1.346]
[-0.579,-0.208, 0.013, 0.788]
[ 3.267,-1.178, 1.352]
[-0.598,-0.156,-0.062, 0.784]
[ 3.45 ,-1.189, 1.363]
[-0.604,-0.107,-0.136, 0.778]
[ 3.615,-1.227, 1.378]
[-0.602,-0.052,-0.195, 0.773]
[ 3.754,-1.281, 1.394]
[-0.594, 0.003,-0.237, 0.768]
[ 3.867,-1.344, 1.406]
[-0.586, 0.042,-0.28 , 0.759]
[ 3.954,-1.405, 1.413]
[-0.579, 0.077,-0.315, 0.748]
[ 4.006,-1.448, 1.417]
[-0.572, 0.108,-0.33 , 0.743]
[ 4.055,-1.497, 1.421]
[-0.559, 0.143,-0.343, 0.741]
[ 4.075,-1.524, 1.426]
[-0.548, 0.158,-0.347, 0.744]
[ 4.082,-1.537, 1.429]
[-0.542, 0.162,-0.347, 0.748]
[ 4.081,-1.54 , 1.428]
[-0.542, 0.16 ,-0.344, 0.75 ]
[ 4.077,-1.538, 1.424]
[-0.548, 0.155,-0.339, 0.749]
[ 4.072,-1.534, 1.418]
[-0.552, 0.149,-0.337, 0.748]
[ 4.069,-1.531, 1.416]
[-0.554, 0.146,-0.336, 0.747]
[ 4.063,-1.526, 1.413]
[-0.554, 0.148,-0.328, 0.751]
[ 4.059,-1.524, 1.415]
[-0.55 , 0.155,-0.318, 0.756]
[ 4.055,-1.523, 1.417]
[-0.546, 0.157,-0.316, 0.76 ]
[ 4.052,-1.522, 1.419]
[-0.545, 0.155,-0.316, 0.761]
[ 4.048,-1.522, 1.422]
[-0.546, 0.147,-0.319, 0.76 ]
[ 4.043,-1.522, 1.423]
[-0.547, 0.145,-0.315, 0.762]
[ 4.039,-1.523, 1.423]
[-0.55 , 0.142,-0.314, 0.761]
[ 4.035,-1.524, 1.421]
[-0.551, 0.142,-0.311, 0.761]
[ 4.032,-1.528, 1.421]
[-0.55 , 0.142,-0.306, 0.764]
[ 4.029,-1.533, 1.42 ]
[-0.55 , 0.139,-0.302, 0.766]
[ 4.026,-1.538, 1.42 ]
[-0.549, 0.132,-0.301, 0.768]
[ 4.025,-1.544, 1.42 ]
[-0.55 , 0.116,-0.313, 0.766]
[ 4.024,-1.553, 1.425]
[-0.544, 0.107,-0.319, 0.769]
[ 4.022,-1.564, 1.432]
[-0.533, 0.106,-0.317, 0.778]
[ 4.02 ,-1.577, 1.441]
[-0.521, 0.107,-0.316, 0.786]
[ 4.018,-1.589, 1.448]
[-0.513, 0.11 ,-0.309, 0.794]
[ 4.016,-1.598, 1.453]
[-0.506, 0.109,-0.305, 0.799]
[ 4.016,-1.611, 1.458]
[-0.503, 0.1  ,-0.31 , 0.801]
[ 4.015,-1.617, 1.459]
[-0.502, 0.094,-0.313, 0.801]
[ 4.016,-1.622, 1.458]
[-0.504, 0.09 ,-0.314, 0.8  ]
[ 4.017,-1.627, 1.457]
[-0.505, 0.085,-0.319, 0.798]
[ 4.018,-1.632, 1.458]
[-0.503, 0.088,-0.314, 0.8  ]
[ 4.021,-1.637, 1.459]
[-0.498, 0.097,-0.304, 0.806]
