[ 3.545,-2.277, 1.796]
[ 0.058,-0.011,-0.245, 0.968]
[ 3.547,-2.274, 1.795]
[ 0.057,-0.013,-0.247, 0.967]
[ 3.547,-2.273, 1.795]
[ 0.056,-0.015,-0.249, 0.967]
[ 3.551,-2.27 , 1.794]
[ 0.055,-0.017,-0.249, 0.967]
[ 3.546,-2.271, 1.795]
[ 0.053,-0.019,-0.252, 0.966]
[ 3.544,-2.271, 1.795]
[ 0.053,-0.021,-0.254, 0.966]
[ 3.541,-2.271, 1.795]
[ 0.052,-0.022,-0.254, 0.966]
[ 3.532,-2.273, 1.796]
[ 0.049,-0.022,-0.255, 0.966]
[ 3.528,-2.274, 1.796]
[ 0.047,-0.022,-0.256, 0.965]
[ 3.546,-2.269, 1.792]
[ 0.047,-0.021,-0.258, 0.965]
[ 3.554,-2.268, 1.79 ]
[ 0.043,-0.02 ,-0.26 , 0.965]
[ 3.556,-2.267, 1.789]
[ 0.039,-0.017,-0.262, 0.964]
[ 3.556,-2.268, 1.79 ]
[ 0.034,-0.014,-0.266, 0.963]
[ 3.558,-2.268, 1.791]
[ 0.03 ,-0.014,-0.272, 0.962]
[ 3.553,-2.267, 1.795]
[ 0.026,-0.017,-0.279, 0.96 ]
[ 3.551,-2.262, 1.8  ]
[ 0.025,-0.023,-0.293, 0.956]
[ 3.546,-2.251, 1.806]
[ 0.026,-0.028,-0.295, 0.955]
[ 3.542,-2.231, 1.814]
[ 0.029,-0.029,-0.281, 0.959]
[ 3.542,-2.198, 1.823]
[ 0.033,-0.029,-0.26 , 0.965]
[ 3.544,-2.147, 1.835]
[ 0.038,-0.024,-0.225, 0.973]
[ 3.536,-2.077, 1.848]
[ 0.04 ,-0.014,-0.168, 0.985]
[ 3.534,-1.997, 1.855]
[ 0.032,-0.006,-0.123, 0.992]
[ 3.533,-1.824, 1.852]
[-0.013, 0.002,-0.072, 0.997]
[ 3.511,-1.633, 1.823]
[-0.096, 0.007,-0.052, 0.994]
[ 3.486,-1.409, 1.747]
[-0.224, 0.005,-0.035, 0.974]
[ 3.444,-1.207, 1.604]
[-0.371, 0.   ,-0.021, 0.929]
[ 3.399,-1.074, 1.425]
[-0.5  ,-0.035,-0.046, 0.864]
[ 3.364,-1.014, 1.263]
[-0.59 ,-0.072,-0.072, 0.801]
[ 3.343,-0.997, 1.172]
[-0.632,-0.06 ,-0.057, 0.771]
[ 3.324,-0.995, 1.107]
[-0.646,-0.025,-0.029, 0.763]
[ 3.315,-0.998, 1.091]
[-0.638,-0.022,-0.031, 0.769]
[ 3.311,-0.999, 1.09 ]
[-0.631,-0.013,-0.034, 0.775]
[ 3.309,-0.996, 1.096]
[-0.631,-0.005,-0.016, 0.775]
[ 3.308,-0.995, 1.104]
[-0.633,-0.013,-0.013, 0.774]
[ 3.312,-0.993, 1.117]
[-0.627,-0.016,-0.024, 0.779]
[ 3.318,-0.995, 1.138]
[-0.616,-0.019,-0.028, 0.787]
[ 3.323,-0.998, 1.154]
[-0.607,-0.016,-0.029, 0.794]
[ 3.327,-1.001, 1.164]
[-0.602,-0.011,-0.028, 0.798]
[ 3.332,-1.005, 1.172]
[-0.599,-0.007,-0.028, 0.8  ]
[ 3.334,-1.007, 1.173]
[-0.6  ,-0.009,-0.03 , 0.799]
[ 3.335,-1.01 , 1.172]
[-0.604,-0.013,-0.032, 0.796]
[ 3.335,-1.012, 1.168]
[-0.608,-0.017,-0.034, 0.793]
[ 3.334,-1.015, 1.164]
[-0.611,-0.023,-0.036, 0.79 ]
[ 3.344,-1.022, 1.164]
[-0.612,-0.025,-0.036, 0.79 ]
[ 3.331,-1.019, 1.156]
[-0.615,-0.031,-0.039, 0.787]
[ 3.33 ,-1.021, 1.153]
[-0.616,-0.034,-0.039, 0.786]
[ 3.328,-1.022, 1.152]
[-0.617,-0.034,-0.039, 0.785]
[ 3.327,-1.022, 1.152]
[-0.617,-0.035,-0.038, 0.785]
[ 3.326,-1.023, 1.152]
[-0.616,-0.037,-0.04 , 0.786]
[ 3.325,-1.023, 1.153]
[-0.615,-0.038,-0.04 , 0.786]
[ 3.325,-1.023, 1.155]
[-0.614,-0.034,-0.037, 0.787]
[ 3.324,-1.023, 1.157]
[-0.614,-0.035,-0.04 , 0.787]
[ 3.325,-1.024, 1.158]
[-0.614,-0.035,-0.038, 0.788]
[ 3.325,-1.024, 1.159]
[-0.613,-0.036,-0.039, 0.788]
[ 3.325,-1.025, 1.16 ]
[-0.613,-0.037,-0.04 , 0.788]
[ 3.326,-1.025, 1.16 ]
[-0.613,-0.04 ,-0.042, 0.788]
[ 3.326,-1.026, 1.16 ]
[-0.614,-0.041,-0.043, 0.787]
[ 3.327,-1.027, 1.16 ]
[-0.614,-0.042,-0.044, 0.787]
[ 3.327,-1.028, 1.161]
[-0.614,-0.043,-0.045, 0.787]
[ 3.328,-1.03 , 1.162]
[-0.613,-0.043,-0.045, 0.787]
[ 3.328,-1.031, 1.164]
[-0.613,-0.043,-0.045, 0.787]
[ 3.328,-1.032, 1.165]
[-0.612,-0.043,-0.045, 0.788]
[ 3.328,-1.033, 1.166]
[-0.612,-0.046,-0.048, 0.788]
[ 3.328,-1.034, 1.168]
[-0.611,-0.048,-0.049, 0.789]
[ 3.327,-1.035, 1.168]
[-0.611,-0.05 ,-0.049, 0.789]
[ 3.327,-1.035, 1.168]
[-0.611,-0.051,-0.051, 0.788]
[ 3.327,-1.036, 1.168]
[-0.612,-0.051,-0.051, 0.788]
[ 3.328,-1.036, 1.168]
[-0.612,-0.052,-0.052, 0.787]
[ 3.328,-1.036, 1.168]
[-0.612,-0.051,-0.052, 0.787]
[ 3.328,-1.036, 1.168]
[-0.612,-0.047,-0.048, 0.788]
[ 3.328,-1.036, 1.168]
[-0.613,-0.05 ,-0.051, 0.787]
[ 3.327,-1.036, 1.168]
[-0.613,-0.053,-0.053, 0.787]
[ 3.326,-1.035, 1.168]
[-0.613,-0.052,-0.05 , 0.787]
[ 3.324,-1.035, 1.168]
[-0.612,-0.055,-0.049, 0.787]
[ 3.323,-1.035, 1.166]
[-0.613,-0.063,-0.056, 0.786]
[ 3.323,-1.035, 1.165]
[-0.613,-0.063,-0.055, 0.785]
[ 3.323,-1.035, 1.163]
[-0.615,-0.058,-0.051, 0.784]
[ 3.323,-1.035, 1.163]
[-0.616,-0.059,-0.053, 0.784]
[ 3.324,-1.035, 1.162]
[-0.615,-0.059,-0.055, 0.784]
[ 3.325,-1.035, 1.162]
[-0.616,-0.055,-0.052, 0.784]
[ 3.325,-1.034, 1.162]
[-0.616,-0.056,-0.053, 0.784]
[ 3.325,-1.034, 1.162]
[-0.616,-0.058,-0.054, 0.784]
[ 3.325,-1.034, 1.162]
[-0.616,-0.059,-0.054, 0.784]
[ 3.324,-1.034, 1.162]
[-0.616,-0.06 ,-0.053, 0.784]
[ 3.323,-1.034, 1.161]
[-0.615,-0.064,-0.055, 0.784]
[ 3.321,-1.034, 1.159]
[-0.616,-0.065,-0.055, 0.783]
[ 3.32 ,-1.034, 1.155]
[-0.617,-0.064,-0.052, 0.783]
[ 3.319,-1.034, 1.151]
[-0.618,-0.064,-0.052, 0.782]
[ 3.318,-1.033, 1.145]
[-0.621,-0.061,-0.05 , 0.78 ]
[ 3.318,-1.033, 1.139]
[-0.617,-0.059,-0.047, 0.784]
[ 3.318,-1.033, 1.136]
[-0.623,-0.059,-0.049, 0.778]
[ 3.32 ,-1.033, 1.134]
[-0.624,-0.055,-0.047, 0.778]
[ 3.322,-1.033, 1.134]
[-0.623,-0.053,-0.046, 0.779]
[ 3.324,-1.034, 1.139]
[-0.62 ,-0.053,-0.047, 0.782]
[ 3.329,-1.037, 1.153]
[-0.613,-0.049,-0.043, 0.787]
[ 3.334,-1.04 , 1.171]
[-0.605,-0.042,-0.036, 0.794]
[ 3.34 ,-1.046, 1.196]
[-0.595,-0.041,-0.035, 0.802]
[ 3.35 ,-1.056, 1.232]
[-0.578,-0.037,-0.031, 0.815]
[ 3.364,-1.073, 1.283]
[-0.554,-0.03 ,-0.024, 0.832]
[ 3.383,-1.102, 1.355]
[-0.514,-0.029,-0.024, 0.857]
[ 3.41 ,-1.146, 1.446]
[-0.464,-0.026,-0.028, 0.885]
[ 3.442,-1.213, 1.555]
[-0.4  ,-0.021,-0.036, 0.916]
[ 3.478,-1.313, 1.671]
[-0.317,-0.011,-0.045, 0.947]
[ 3.511,-1.442, 1.777]
[-0.222, 0.   ,-0.049, 0.974]
[ 3.537,-1.586, 1.856]
[-0.132, 0.002,-0.057, 0.99 ]
[ 3.556,-1.731, 1.902]
[-0.051,-0.   ,-0.081, 0.995]
[ 3.616,-1.848, 1.923]
[ 0.003, 0.003,-0.104, 0.995]
[ 3.55 ,-1.966, 1.904]
[ 0.049, 0.   ,-0.135, 0.99 ]
[ 3.55 ,-1.966, 1.904]
[ 0.049, 0.   ,-0.135, 0.99 ]
[ 3.55 ,-1.966, 1.904]
[ 0.049, 0.   ,-0.135, 0.99 ]
[ 3.538,-2.214, 1.828]
[ 0.145,-0.007,-0.224, 0.964]
[ 3.512,-2.248, 1.823]
[ 0.152,-0.007,-0.234, 0.96 ]
[ 3.507,-2.264, 1.819]
[ 0.151,-0.009,-0.248, 0.957]
[ 3.503,-2.271, 1.814]
[ 0.148,-0.015,-0.265, 0.953]
[ 3.5  ,-2.273, 1.809]
[ 0.144,-0.021,-0.269, 0.952]
[ 3.499,-2.273, 1.806]
[ 0.14 ,-0.025,-0.275, 0.951]
[ 3.498,-2.272, 1.804]
[ 0.136,-0.028,-0.277, 0.951]
[ 3.496,-2.271, 1.805]
[ 0.132,-0.031,-0.277, 0.951]
[ 3.494,-2.27 , 1.806]
[ 0.131,-0.034,-0.28 , 0.95 ]
[ 3.495,-2.27 , 1.805]
[ 0.131,-0.036,-0.278, 0.951]
[ 3.493,-2.27 , 1.805]
[ 0.131,-0.037,-0.276, 0.951]
[ 3.495,-2.272, 1.805]
[ 0.132,-0.036,-0.277, 0.951]
[ 3.496,-2.275, 1.805]
[ 0.133,-0.034,-0.271, 0.953]
[ 3.499,-2.279, 1.804]
[ 0.135,-0.031,-0.27 , 0.953]
[ 3.504,-2.283, 1.804]
[ 0.134,-0.027,-0.27 , 0.953]
[ 3.508,-2.288, 1.803]
[ 0.133,-0.024,-0.271, 0.953]
[ 3.513,-2.291, 1.802]
[ 0.133,-0.022,-0.271, 0.953]
[ 3.517,-2.296, 1.801]
[ 0.131,-0.022,-0.275, 0.952]
[ 3.517,-2.299, 1.8  ]
[ 0.129,-0.023,-0.277, 0.952]
[ 3.517,-2.302, 1.799]
[ 0.128,-0.025,-0.276, 0.952]
