[ 3.365,-1.12 , 0.939]
[-0.682,-0.092,-0.031, 0.725]
[ 3.371,-1.118, 0.929]
[-0.686,-0.082,-0.033, 0.722]
[ 3.374,-1.117, 0.922]
[-0.689,-0.077,-0.036, 0.72 ]
[ 3.373,-1.111, 0.909]
[-0.69 ,-0.072,-0.038, 0.72 ]
[ 3.377,-1.115, 0.906]
[-0.693,-0.08 ,-0.042, 0.715]
[ 3.375,-1.112, 0.897]
[-0.695,-0.085,-0.041, 0.712]
[ 3.373,-1.11 , 0.89 ]
[-0.697,-0.084,-0.036, 0.711]
[ 3.37 ,-1.108, 0.882]
[-0.699,-0.088,-0.034, 0.709]
[ 3.369,-1.106, 0.871]
[-0.702,-0.092,-0.035, 0.705]
[ 3.368,-1.104, 0.862]
[-0.707,-0.089,-0.03 , 0.701]
[ 3.369,-1.101, 0.849]
[-0.715,-0.091,-0.033, 0.692]
[ 3.371,-1.092, 0.861]
[-0.799,-0.085,-0.029, 0.595]
[ 3.377,-1.093, 0.847]
[-0.726,-0.083,-0.038, 0.682]
[ 3.38 ,-1.088, 0.853]
[-0.726,-0.09 ,-0.046, 0.68 ]
[ 3.386,-1.076, 0.873]
[-0.725,-0.098,-0.057, 0.679]
[ 3.393,-1.059, 0.91 ]
[-0.721,-0.088,-0.056, 0.685]
[ 3.402,-1.035, 0.975]
[-0.707,-0.086,-0.064, 0.699]
[ 3.414,-1.006, 1.074]
[-0.678,-0.09 ,-0.081, 0.725]
[ 3.428,-0.981, 1.209]
[-0.635,-0.083,-0.095, 0.762]
[ 3.442,-0.973, 1.369]
[-0.581,-0.057,-0.094, 0.807]
[ 3.455,-0.985, 1.535]
[-0.523,-0.024,-0.083, 0.848]
[ 3.467,-1.014, 1.688]
[-0.47 ,-0.005,-0.083, 0.879]
[ 3.477,-1.054, 1.82 ]
[-0.427, 0.004,-0.092, 0.9  ]
[ 3.481,-1.099, 1.928]
[-0.392, 0.013,-0.092, 0.915]
[ 3.481,-1.147, 2.014]
[-0.36 , 0.02 ,-0.084, 0.929]
[ 3.478,-1.192, 2.08 ]
[-0.331, 0.016,-0.085, 0.94 ]
[ 3.473,-1.232, 2.128]
[-0.306, 0.005,-0.093, 0.948]
[ 3.469,-1.263, 2.159]
[-0.286,-0.005,-0.105, 0.953]
[ 3.466,-1.283, 2.177]
[-0.273,-0.012,-0.109, 0.956]
[ 3.465,-1.293, 2.184]
[-0.27 ,-0.015,-0.107, 0.957]
[ 3.466,-1.294, 2.18 ]
[-0.274,-0.018,-0.108, 0.955]
[ 3.466,-1.289, 2.172]
[-0.283,-0.021,-0.108, 0.953]
[ 3.468,-1.278, 2.156]
[-0.298,-0.027,-0.111, 0.948]
[ 3.469,-1.266, 2.141]
[-0.311,-0.035,-0.121, 0.942]
[ 3.471,-1.255, 2.126]
[-0.324,-0.044,-0.134, 0.936]
[ 3.473,-1.247, 2.113]
[-0.334,-0.05 ,-0.141, 0.931]
[ 3.475,-1.24 , 2.102]
[-0.342,-0.051,-0.139, 0.928]
[ 3.476,-1.239, 2.096]
[-0.343,-0.052,-0.136, 0.928]
[ 3.478,-1.244, 2.095]
[-0.334,-0.059,-0.147, 0.929]
[ 3.48 ,-1.253, 2.098]
[-0.322,-0.059,-0.151, 0.933]
[ 3.483,-1.262, 2.1  ]
[-0.315,-0.052,-0.141, 0.937]
[ 3.486,-1.267, 2.1  ]
[-0.312,-0.044,-0.134, 0.939]
[ 3.492,-1.273, 2.1  ]
[-0.311,-0.038,-0.136, 0.94 ]
[ 3.498,-1.276, 2.099]
[-0.312,-0.037,-0.148, 0.938]
[ 3.501,-1.278, 2.097]
[-0.313,-0.036,-0.154, 0.936]
[ 3.505,-1.282, 2.095]
[-0.315,-0.032,-0.152, 0.936]
[ 3.507,-1.286, 2.093]
[-0.317,-0.031,-0.151, 0.936]
[ 3.508,-1.29 , 2.09 ]
[-0.318,-0.036,-0.159, 0.934]
[ 3.508,-1.293, 2.086]
[-0.319,-0.044,-0.17 , 0.931]
[ 3.506,-1.296, 2.082]
[-0.321,-0.048,-0.171, 0.93 ]
[ 3.505,-1.298, 2.077]
[-0.324,-0.051,-0.168, 0.929]
[ 3.504,-1.301, 2.072]
[-0.325,-0.057,-0.174, 0.928]
[ 3.503,-1.304, 2.068]
[-0.327,-0.06 ,-0.177, 0.927]
[ 3.504,-1.306, 2.065]
[-0.328,-0.06 ,-0.174, 0.927]
